00100000010000100000000000000000
00100000011000110000000000000100
00000000000000000100100000100000
00000000000000000100100000100000
00000000000000000100100000100000
10101100011000100000000000000000
00100000100001000000000000000011
00000000000000000100100000100000
00000000000000000100100000100000
00000000000000000100100000100000
00000000011001000001000000100000
10001100011001010000000000000000
00000000000000000100100000100000
00000000000000000100100000100000
00000000000000000100100000100000
00000000000000000100100000100000
00000000010001010001000000100000
00000000000000000100100000100000
00000000000000000100100000100000
00000000000000000100100000100000
00000000000000000100100000100000
10101100011000100000000000000000
