00100000000111010000001111111111
00000000000000000000000000000000
00001100000000000000001010100000
00000000000000000000000000000000
00000000000000000000000000000000
00000000000000000000000000000000
00000000000000000000000000000000
00000000000000000000000000000000
00000000000000000000000000000000
00000000000000000000000000000000
00001000000000000000000000000110
00000000000000000000000000000000
00000000000000000000000000000000
00000000000000000000000000000000
00100011101111011111111111101000
10101111101001000000000000011000
10101111101000000000000000001000
00100000000000100100000000000000
10101111101000100000000000001100
00100000000000100100000000000001
10101111101000100000000000010000
10001111101000100000000000001000
00000000000000000000000000000000
00010100010000000000000000001101
00000000000000000000000000000000
00000000000000000000000000000000
00000000000000000000000000000000
10001111101000100000000000001100
00000000000000000000000000000000
10001100010000100000000000000000
00000000000000000000000000000000
00110000010000100000000000000001
10101111101000100000000000001000
00010000000000001111111111110011
00000000000000000000000000000000
00000000000000000000000000000000
00000000000000000000000000000000
10001111101000110000000000010000
00000000000000000000000000000000
10001111101000100000000000011000
00000000000000000000000000000000
10101100011000100000000000000000
00100011101111010000000000011000
00000011111000000000000000001000
00000000000000000000000000000000
00000000000000000000000000000000
00000000000000000000000000000000
00100011101111011111111111101000
10101111101000000000000000001000
00100000000000100100000000000000
10101111101000100000000000001100
00100000000000100100000000000001
10101111101000100000000000010000
10001111101000100000000000001000
00000000000000000000000000000000
00010100010000000000000000001101
00000000000000000000000000000000
00000000000000000000000000000000
00000000000000000000000000000000
10001111101000100000000000001100
00000000000000000000000000000000
10001100010000100000000000000000
00000000000000000000000000000000
00110000010000100000000000000010
10101111101000100000000000001000
00010000000000001111111111110011
00000000000000000000000000000000
00000000000000000000000000000000
00000000000000000000000000000000
10001111101000100000000000010000
00000000000000000000000000000000
10001100010000100000000000000000
00000000000000000000000000000000
00100011101111010000000000011000
00000011111000000000000000001000
00000000000000000000000000000000
00000000000000000000000000000000
00000000000000000000000000000000
00100011101111011111111111100000
10101111101000000000000000001000
00100000000000100111010100110000
10101111101000100000000000001100
00100000000000100100000000000000
10101111101000100000000000010000
00100000000000100100000000000001
10101111101000100000000000010100
10001111101000100000000000001000
00000000000000000000000000000000
00010100010000000000000000010111
00000000000000000000000000000000
00000000000000000000000000000000
00000000000000000000000000000000
10001111101000100000000000001100
00000000000000000000000000000000
00010000010000000000000000010001
00000000000000000000000000000000
00000000000000000000000000000000
00000000000000000000000000000000
10001111101000100000000000010000
00000000000000000000000000000000
10001100010000100000000000000000
00000000000000000000000000000000
00110000010000100000000000000010
10101111101000100000000000001000
10001111101000100000000000001100
00000000000000000000000000000000
00100000010000101111111111111111
10101111101000100000000000001100
00010000000000001111111111101001
00000000000000000000000000000000
00000000000000000000000000000000
00000000000000000000000000000000
10001111101000100000000000001000
00000000000000000000000000000000
00010100010000000000000000001111
00000000000000000000000000000000
00000000000000000000000000000000
00000000000000000000000000000000
10001111101000100000000000001100
00000000000000000000000000000000
00010100010000000000000000001001
00000000000000000000000000000000
00000000000000000000000000000000
00000000000000000000000000000000
00100000000000101111111111111111
10101111101000100000000000011000
00010000000000000000000000001000
00000000000000000000000000000000
00000000000000000000000000000000
00000000000000000000000000000000
10001111101000100000000000010100
00000000000000000000000000000000
10001100010000100000000000000000
00000000000000000000000000000000
10101111101000100000000000011000
10001111101000100000000000011000
00000000000000000000000000000000
00100011101111010000000000100000
00000011111000000000000000001000
00000000000000000000000000000000
00000000000000000000000000000000
00000000000000000000000000000000
00100011101111011111111111100000
10101111101000000000000000001000
00100000000000100010011100010000
10101111101000100000000000001100
00100000000000101111000000000000
10101111101000100000000000010000
00100000000000101111000000000001
10101111101000100000000000010100
10001111101000100000000000001000
00000000000000000000000000000000
00010100010000000000000000010110
00000000000000000000000000000000
00000000000000000000000000000000
00000000000000000000000000000000
10001111101000100000000000001100
00000000000000000000000000000000
00010000010000000000000000010000
00000000000000000000000000000000
00000000000000000000000000000000
00000000000000000000000000000000
10001111101000100000000000010000
00000000000000000000000000000000
10001100010000100000000000000000
00000000000000000000000000000000
10101111101000100000000000001000
10001111101000100000000000001100
00000000000000000000000000000000
00100000010000101111111111111111
10101111101000100000000000001100
00010000000000001111111111101010
00000000000000000000000000000000
00000000000000000000000000000000
00000000000000000000000000000000
10001111101000100000000000001000
00000000000000000000000000000000
00010100010000000000000000001111
00000000000000000000000000000000
00000000000000000000000000000000
00000000000000000000000000000000
10001111101000100000000000001100
00000000000000000000000000000000
00010100010000000000000000001001
00000000000000000000000000000000
00000000000000000000000000000000
00000000000000000000000000000000
00100000000000101111111111111111
10101111101000100000000000011000
00010000000000000000000000001000
00000000000000000000000000000000
00000000000000000000000000000000
00000000000000000000000000000000
10001111101000100000000000010100
00000000000000000000000000000000
10001100010000100000000000000000
00000000000000000000000000000000
10101111101000100000000000011000
10001111101000100000000000011000
00000000000000000000000000000000
00100011101111010000000000100000
00000011111000000000000000001000
00000000000000000000000000000000
00000000000000000000000000000000
00000000000000000000000000000000
00100011101111011111111111100000
10101111101111110000000000011000
10101111101001000000000000100000
10001111101000100000000000100000
00000000000000000000000000000000
00101000010000100000000000001010
00010100010000000000000000001111
00000000000000000000000000000000
00000000000000000000000000000000
00000000000000000000000000000000
10001111101000100000000000100000
00000000000000000000000000000000
00100000010000100000000000110111
00000000010000000010000000100000
00001100000000000000000000001110
00000000000000000000000000000000
00000000000000000000000000000000
00000000000000000000000000000000
00010000000000000000000000001011
00000000000000000000000000000000
00000000000000000000000000000000
00000000000000000000000000000000
10001111101000100000000000100000
00000000000000000000000000000000
00100000010000100000000000110000
00000000010000000010000000100000
00001100000000000000000000001110
00000000000000000000000000000000
00000000000000000000000000000000
00000000000000000000000000000000
10001111101111110000000000011000
00000000000000000000000000000000
00100011101111010000000000100000
00000011111000000000000000001000
00000000000000000000000000000000
00000000000000000000000000000000
00000000000000000000000000000000
00100011101111011111111111011000
10101111101111110000000000100000
10101111101001000000000000101000
10001111101000100000000000101000
00000000000000000000000000000000
10101111101000100000000000011000
10001111101000100000000000011000
00000000000000000000000000000000
00010100010000000000000000001101
00000000000000000000000000000000
00000000000000000000000000000000
00000000000000000000000000000000
10001111101001000000000000101000
00000000000000000000000000000000
00001100000000000000000011001101
00000000000000000000000000000000
00000000000000000000000000000000
00000000000000000000000000000000
00010000000000000000000000011011
00000000000000000000000000000000
00000000000000000000000000000000
00000000000000000000000000000000
10001111101000100000000000011000
00000000000000000000000000000000
00010000010000000000000000010101
00000000000000000000000000000000
00000000000000000000000000000000
00000000000000000000000000000000
10001111101000100000000000011000
00000000000000000000000000000000
00110000010000100000000000001111
10101111101000100000000000011100
10001111101001000000000000011100
00000000000000000000000000000000
00001100000000000000000011001101
00000000000000000000000000000000
00000000000000000000000000000000
00000000000000000000000000000000
10001111101000100000000000011000
00000000000000000000000000000000
00000000000000100001000100000010
10101111101000100000000000011000
00010000000000001111111111101011
00000000000000000000000000000000
00000000000000000000000000000000
00000000000000000000000000000000
10001111101111110000000000100000
00000000000000000000000000000000
00100011101111010000000000101000
00000011111000000000000000001000
00000000000000000000000000000000
00000000000000000000000000000000
00000000000000000000000000000000
00100011101111011111111111110000
10101111101001000000000000010000
10101111101001010000000000010100
10101111101001100000000000011000
00100000000000101000000000000000
10101111101000100000000000001000
10001111101000110000000000010100
00000000000000000000000000000000
10001111101000100000000000011000
00000000000000000000000000000000
00000000011000100001000000100001
10101111101000100000000000001100
10001111101000100000000000001100
00000000000000000000000000000000
00000000000000100001100010000000
10001111101000100000000000001000
00000000000000000000000000000000
00000000010000110001000000100001
10101111101000100000000000001000
10001111101000110000000000001000
00000000000000000000000000000000
10001111101000100000000000010000
00000000000000000000000000000000
10101100011000100000000000000000
00100011101111010000000000010000
00000011111000000000000000001000
00000000000000000000000000000000
00000000000000000000000000000000
00000000000000000000000000000000
00100011101111011111111111010000
10101111101111110000000000101000
10101111101001000000000000110000
10101111101001010000000000110100
10001111101000100000000000110000
00000000000000000000000000000000
10101111101000100000000000011000
10001111101000100000000000110100
00000000000000000000000000000000
10101111101000100000000000100100
10001111101000100000000000011000
00000000000000000000000000000000
00010100010000000000000000001111
00000000000000000000000000000000
00000000000000000000000000000000
00000000000000000000000000000000
00100000000001000000000000110000
00000000000000000010100000100000
10001111101001100000000000110100
00000000000000000000000000000000
00001100000000000000000100100111
00000000000000000000000000000000
00000000000000000000000000000000
00000000000000000000000000000000
00010000000000000000000000110101
00000000000000000000000000000000
00000000000000000000000000000000
00000000000000000000000000000000
10001111101000100000000000011000
00000000000000000000000000000000
00010000010000000000000000101111
00000000000000000000000000000000
00000000000000000000000000000000
00000000000000000000000000000000
10001111101000100000000000011000
00000000000000000000000000000000
00110000010000100000000000001111
10101111101000100000000000011100
10001111101000100000000000011100
00000000000000000000000000000000
00101000010000100000000000001010
00010100010000000000000000001011
00000000000000000000000000000000
00000000000000000000000000000000
00000000000000000000000000000000
10001111101000100000000000011100
00000000000000000000000000000000
00100000010000100000000000110111
10101111101000100000000000100000
00010000000000000000000000000111
00000000000000000000000000000000
00000000000000000000000000000000
00000000000000000000000000000000
10001111101000100000000000011100
00000000000000000000000000000000
00100000010000100000000000110000
10101111101000100000000000100000
10001111101001000000000000100000
00000000000000000000000000000000
00000000000000000010100000100000
10001111101001100000000000100100
00000000000000000000000000000000
00001100000000000000000100100111
00000000000000000000000000000000
00000000000000000000000000000000
00000000000000000000000000000000
10001111101000100000000000011000
00000000000000000000000000000000
00000000000000100001000100000010
10101111101000100000000000011000
10001111101000100000000000100100
00000000000000000000000000000000
00100000010000100000000000000001
10101111101000100000000000100100
00010000000000001111111111010001
00000000000000000000000000000000
00000000000000000000000000000000
00000000000000000000000000000000
10001111101111110000000000101000
00000000000000000000000000000000
00100011101111010000000000110000
00000011111000000000000000001000
00000000000000000000000000000000
00000000000000000000000000000000
00000000000000000000000000000000
00100011101111011111111111110000
10101111101000000000000000001000
10001111101000100000000000001000
00000000000000000000000000000000
00101000010000100000000000001010
00010000010000000000000000011100
00000000000000000000000000000000
00000000000000000000000000000000
00000000000000000000000000000000
10101111101000000000000000001100
10001111101000100000000000001100
00000000000000000000000000000000
00101000010000100000011111010000
00010000010000000000000000001100
00000000000000000000000000000000
00000000000000000000000000000000
00000000000000000000000000000000
00000000000000000000000000000000
10001111101000100000000000001100
00000000000000000000000000000000
00100000010000100000000000000001
10101111101000100000000000001100
00010000000000001111111111110011
00000000000000000000000000000000
00000000000000000000000000000000
00000000000000000000000000000000
10001111101000100000000000001000
00000000000000000000000000000000
00100000010000100000000000000001
10101111101000100000000000001000
00010000000000001111111111100011
00000000000000000000000000000000
00000000000000000000000000000000
00000000000000000000000000000000
00100011101111010000000000010000
00000011111000000000000000001000
00000000000000000000000000000000
00000000000000000000000000000000
00000000000000000000000000000000
00100011101111011111111111011000
10101111101111110000000000100000
10101111101000000000000000011000
10101111101000000000000000011100
10101111101000000000000000011000
10001111101000100000000000011000
00000000000000000000000000000000
00101000010000100000000001100011
00010000010000000000000000100111
00000000000000000000000000000000
00000000000000000000000000000000
00000000000000000000000000000000
00100000000001000000000000011111
00000000000000000010100000100000
10001111101001100000000000011000
00000000000000000000000000000000
00001100000000000000000100100111
00000000000000000000000000000000
00000000000000000000000000000000
00000000000000000000000000000000
00100000000001000000000000011111
10001111101001010000000000011100
00000000000000000000000000000000
00000000000000000011000000100000
00001100000000000000000100100111
00000000000000000000000000000000
00000000000000000000000000000000
00000000000000000000000000000000
00100000000001000000000000011111
10001111101001010000000000011100
00000000000000000000000000000000
00100000000001100000000001100010
00001100000000000000000100100111
00000000000000000000000000000000
00000000000000000000000000000000
00000000000000000000000000000000
10001111101000100000000000011100
00000000000000000000000000000000
00100000010000100000000010000000
10101111101000100000000000011100
10001111101000100000000000011000
00000000000000000000000000000000
00100000010000100000000000000001
10101111101000100000000000011000
00010000000000001111111111011000
00000000000000000000000000000000
00000000000000000000000000000000
00000000000000000000000000000000
10001111101111110000000000100000
00000000000000000000000000000000
00100011101111010000000000101000
00000011111000000000000000001000
00000000000000000000000000000000
00000000000000000000000000000000
00000000000000000000000000000000
00100011101111011111111111010000
10101111101111110000000000101000
10101111101000000000000000011000
10101111101000000000000000011100
10101111101000000000000000100000
10101111101000000000000000011000
10001111101000100000000000011000
00000000000000000000000000000000
00101000010000100000000000100000
00010000010000000000000000101011
00000000000000000000000000000000
00000000000000000000000000000000
00000000000000000000000000000000
10101111101000000000000000011100
10001111101000100000000000011100
00000000000000000000000000000000
00101000010000100000000001100011
00010000010000000000000000010111
00000000000000000000000000000000
00000000000000000000000000000000
00000000000000000000000000000000
00100000000001000000000000100000
00000000000000000010100000100000
10001111101001100000000000100000
00000000000000000000000000000000
00001100000000000000000100100111
00000000000000000000000000000000
00000000000000000000000000000000
00000000000000000000000000000000
10001111101000100000000000100000
00000000000000000000000000000000
00100000010000100000000000000001
10101111101000100000000000100000
10001111101000100000000000011100
00000000000000000000000000000000
00100000010000100000000000000001
10101111101000100000000000011100
00010000000000001111111111101000
00000000000000000000000000000000
00000000000000000000000000000000
00000000000000000000000000000000
10001111101000100000000000100000
00000000000000000000000000000000
00100000010000100000000000011101
10101111101000100000000000100000
10001111101000100000000000011000
00000000000000000000000000000000
00100000010000100000000000000001
10101111101000100000000000011000
00010000000000001111111111010100
00000000000000000000000000000000
00000000000000000000000000000000
00000000000000000000000000000000
10001111101111110000000000101000
00000000000000000000000000000000
00100011101111010000000000110000
00000011111000000000000000001000
00000000000000000000000000000000
00000000000000000000000000000000
00000000000000000000000000000000
00100011101111011111111111011000
10101111101111110000000000100000
10101111101001000000000000101000
10101111101000000000000000011000
10101111101000000000000000011000
10001111101000100000000000011000
00000000000000000000000000000000
00101000010000100000000000001100
00010000010000000000000000010111
00000000000000000000000000000000
00000000000000000000000000000000
00000000000000000000000000000000
10001111101000110000000000101000
00000000000000000000000000000000
10001111101000100000000000011000
00000000000000000000000000000000
00000000011000100001000000100001
00100000000001000000000000100000
00100000000001010000111110000000
00000000010000000011000000100000
00001100000000000000000100100111
00000000000000000000000000000000
00000000000000000000000000000000
00000000000000000000000000000000
10001111101000100000000000011000
00000000000000000000000000000000
00100000010000100000000000000001
10101111101000100000000000011000
00010000000000001111111111101000
00000000000000000000000000000000
00000000000000000000000000000000
00000000000000000000000000000000
10001111101111110000000000100000
00000000000000000000000000000000
00100011101111010000000000101000
00000011111000000000000000001000
00000000000000000000000000000000
00000000000000000000000000000000
00000000000000000000000000000000
00100011101111011111111111011000
10101111101111110000000000100000
10101111101001000000000000101000
10101111101000000000000000011000
10101111101000000000000000011000
10001111101000100000000000011000
00000000000000000000000000000000
00101000010000100000000000001100
00010000010000000000000000010111
00000000000000000000000000000000
00000000000000000000000000000000
00000000000000000000000000000000
10001111101000110000000000101000
00000000000000000000000000000000
10001111101000100000000000011000
00000000000000000000000000000000
00000000011000100001000000100001
00100000000001000000000001011111
00100000000001010000111110000000
00000000010000000011000000100000
00001100000000000000000100100111
00000000000000000000000000000000
00000000000000000000000000000000
00000000000000000000000000000000
10001111101000100000000000011000
00000000000000000000000000000000
00100000010000100000000000000001
10101111101000100000000000011000
00010000000000001111111111101000
00000000000000000000000000000000
00000000000000000000000000000000
00000000000000000000000000000000
10001111101111110000000000100000
00000000000000000000000000000000
00100011101111010000000000101000
00000011111000000000000000001000
00000000000000000000000000000000
00000000000000000000000000000000
00000000000000000000000000000000
00100011101111011111111111100000
10101111101111110000000000011000
10101111101001000000000000100000
10101111101001010000000000100100
10101111101001100000000000101000
10101111101001110000000000101100
00100000000001000000000000100000
10001111101001010000000000101100
00000000000000000000000000000000
10001111101001100000000000101000
00000000000000000000000000000000
00001100000000000000000100100111
00000000000000000000000000000000
00000000000000000000000000000000
00000000000000000000000000000000
00100000000001000000000000101010
10001111101001010000000000100100
00000000000000000000000000000000
10001111101001100000000000100000
00000000000000000000000000000000
00001100000000000000000100100111
00000000000000000000000000000000
00000000000000000000000000000000
00000000000000000000000000000000
10001111101111110000000000011000
00000000000000000000000000000000
00100011101111010000000000100000
00000011111000000000000000001000
00000000000000000000000000000000
00000000000000000000000000000000
00000000000000000000000000000000
00100011101111011111111110101000
10101111101111110000000001010000
10101111101000000000000000011000
10101111101000000000000000011100
00100000000000100000111100000000
10101111101000100000000000110000
10101111101000000000000000100000
00100000000000100000000000101100
10101111101000100000000000100100
00100000000000100000000000101100
10101111101000100000000000101000
00100000000000100000000000101110
10101111101000100000000000101100
00100000000000100000111100000000
10101111101000100000000000110000
00100000000000100000000000101110
10101111101000100000000000110100
00100000000000100000111100000000
10101111101000100000000000111000
00100000000000100000000000000001
10101111101000100000000000111100
00100000000000101111111110000000
10101111101000100000000001000000
00100000000000100000000000000100
10101111101000100000000001000100
00100000000000100000000000000001
10101111101000100000000001001000
00001100000000000000000000101111
00000000000000000000000000000000
00000000000000000000000000000000
00000000000000000000000000000000
10101111101000100000000000011000
00001100000000000000000111110111
00000000000000000000000000000000
00000000000000000000000000000000
00000000000000000000000000000000
00001100000000000000000111000000
00000000000000000000000000000000
00000000000000000000000000000000
00000000000000000000000000000000
10001111101001000000000000101000
00000000000000000000000000000000
00001100000000000000001000110011
00000000000000000000000000000000
00000000000000000000000000000000
00000000000000000000000000000000
10001111101001000000000000100100
00000000000000000000000000000000
00001100000000000000001001011010
00000000000000000000000000000000
00000000000000000000000000000000
00000000000000000000000000000000
10001111101001000000000000101100
00000000000000000000000000000000
10001111101001010000000000110000
00000000000000000000000000000000
10001111101001100000000000110100
00000000000000000000000000000000
10001111101001110000000000111000
00000000000000000000000000000000
00001100000000000000001010000001
00000000000000000000000000000000
00000000000000000000000000000000
00000000000000000000000000000000
10001111101001000000000000100000
00000000000000000000000000000000
00100000000001010000000100000010
00001100000000000000000101000100
00000000000000000000000000000000
00000000000000000000000000000000
00000000000000000000000000000000
10001111101000100000000000101100
00000000000000000000000000000000
10101111101000100000000000110100
10001111101000100000000000110000
00000000000000000000000000000000
10101111101000100000000000111000
10001111101000100000000000100100
00000000000000000000000000000000
10101111101000100000000000101000
00001100000000000000000001001110
00000000000000000000000000000000
00000000000000000000000000000000
00000000000000000000000000000000
10101111101000100000000000011000
10001111101000100000000000011000
00000000000000000000000000000000
00101000010000100000000000000000
00010100010000000000000000001001
00000000000000000000000000000000
00000000000000000000000000000000
00000000000000000000000000000000
10001111101001000000000000011000
00000000000000000000000000000000
00001100000000000000000000001110
00000000000000000000000000000000
00000000000000000000000000000000
00000000000000000000000000000000
10001111101000100000000001001000
00000000000000000000000000000000
00010000010000000000000000001011
00000000000000000000000000000000
00000000000000000000000000000000
00000000000000000000000000000000
10001111101000110000000000011000
00000000000000000000000000000000
00100000000000100000000001110111
00010100011000100000000000000100
00000000000000000000000000000000
00000000000000000000000000000000
00000000000000000000000000000000
10101111101000000000000001001000
10001111101000110000000000011000
00000000000000000000000000000000
00100000000000100000000001100001
00010100011000100000000000010100
00000000000000000000000000000000
00000000000000000000000000000000
00000000000000000000000000000000
10001111101000100000000000100100
00000000000000000000000000000000
00101000010000100000000000000010
00010100010000000000000000001101
00000000000000000000000000000000
00000000000000000000000000000000
00000000000000000000000000000000
10001111101000100000000000100100
00000000000000000000000000000000
10001111101000110000000001000100
00000000000000000000000000000000
00000000010000110001000000100011
10101111101000100000000000100100
00010000000000000000000000010111
00000000000000000000000000000000
00000000000000000000000000000000
00000000000000000000000000000000
10001111101000110000000000011000
00000000000000000000000000000000
00100000000000100000000001100100
00010100011000100000000000010000
00000000000000000000000000000000
00000000000000000000000000000000
00000000000000000000000000000000
10001111101000100000000000100100
00000000000000000000000000000000
00101000010000100000000001010101
00010000010000000000000000001001
00000000000000000000000000000000
00000000000000000000000000000000
00000000000000000000000000000000
10001111101000100000000000100100
00000000000000000000000000000000
10001111101000110000000001000100
00000000000000000000000000000000
00000000010000110001000000100001
10101111101000100000000000100100
10001111101000100000000000101100
00000000000000000000000000000000
00101000010000100000000000000010
00010100010000000000000000001110
00000000000000000000000000000000
00000000000000000000000000000000
00000000000000000000000000000000
10001111101000100000000000101100
00000000000000000000000000000000
00101000010000100000000001100001
00010000010000000000000000000111
00000000000000000000000000000000
00000000000000000000000000000000
00000000000000000000000000000000
00010000000000000000000000000111
00000000000000000000000000000000
00000000000000000000000000000000
00000000000000000000000000000000
10001111101000100000000000111100
00000000000000000000000000000000
00000000000000100001000000100011
10101111101000100000000000111100
10001111101000100000000000110000
00000000000000000000000000000000
00101000010000100000000100000000
00010000010000000000000000001011
00000000000000000000000000000000
00000000000000000000000000000000
00000000000000000000000000000000
10001111101000100000000001000000
00000000000000000000000000000000
00000000000000100001000000100011
10101111101000100000000001000000
00010000000000000000000000110100
00000000000000000000000000000000
00000000000000000000000000000000
00000000000000000000000000000000
10001111101000100000000000110000
00000000000000000000000000000000
00101000010000100000111110000001
00010100010000000000000000100010
00000000000000000000000000000000
00000000000000000000000000000000
00000000000000000000000000000000
10001111101000100000000000101100
00000000000000000000000000000000
10001111101000110000000000100100
00000000000000000000000000000000
00000000011000100001000000101010
00010000010000000000000000011001
00000000000000000000000000000000
00000000000000000000000000000000
00000000000000000000000000000000
10001111101000100000000000100100
00000000000000000000000000000000
00100000010000110000000000001100
10001111101000100000000000101100
00000000000000000000000000000000
00000000010000110001000000101010
00010000010000000000000000001111
00000000000000000000000000000000
00000000000000000000000000000000
00000000000000000000000000000000
10001111101000100000000001000000
00000000000000000000000000000000
00000000000000100001000000100011
10101111101000100000000001000000
10001111101000100000000000100000
00000000000000000000000000000000
00100000010000100000000000001010
10101111101000100000000000100000
00010000000000000000000000001110
00000000000000000000000000000000
00000000000000000000000000000000
00000000000000000000000000000000
10001111101000100000000000110000
00000000000000000000000000000000
00101000010000100000111110000001
00010100010000000000000000000111
00000000000000000000000000000000
00000000000000000000000000000000
00000000000000000000000000000000
00010000000000000000000000011001
00000000000000000000000000000000
00000000000000000000000000000000
00000000000000000000000000000000
10001111101000100000000001001000
00000000000000000000000000000000
00010100010000001111111100101111
00000000000000000000000000000000
00000000000000000000000000000000
00000000000000000000000000000000
10001111101000110000000000101100
00000000000000000000000000000000
10001111101000100000000000111100
00000000000000000000000000000000
00000000011000100001000000100001
10101111101000100000000000101100
10001111101000110000000000110000
00000000000000000000000000000000
10001111101000100000000001000000
00000000000000000000000000000000
00000000011000100001000000100001
10101111101000100000000000110000
00010000000000001111111100011111
00000000000000000000000000000000
00000000000000000000000000000000
00000000000000000000000000000000
00100000000001000000000001100111
00001100000000000000000000001110
00000000000000000000000000000000
00000000000000000000000000000000
00000000000000000000000000000000
00100000000001000000000001000111
00100000000001010000001010000000
00100000000001100000000000101101
00001100000000000000000100100111
00000000000000000000000000000000
00000000000000000000000000000000
00000000000000000000000000000000
00100000000001000000000001100001
00100000000001010000001010000000
00100000000001100000000000101110
00001100000000000000000100100111
00000000000000000000000000000000
00000000000000000000000000000000
00000000000000000000000000000000
00100000000001000000000001101101
00100000000001010000001010000000
00100000000001100000000000101111
00001100000000000000000100100111
00000000000000000000000000000000
00000000000000000000000000000000
00000000000000000000000000000000
00100000000001000000000001100101
00100000000001010000001010000000
00100000000001100000000000110000
00001100000000000000000100100111
00000000000000000000000000000000
00000000000000000000000000000000
00000000000000000000000000000000
00100000000001000000000000100000
00100000000001010000001010000000
00100000000001100000000000110001
00001100000000000000000100100111
00000000000000000000000000000000
00000000000000000000000000000000
00000000000000000000000000000000
00100000000001000000000001101111
00100000000001010000001010000000
00100000000001100000000000110010
00001100000000000000000100100111
00000000000000000000000000000000
00000000000000000000000000000000
00000000000000000000000000000000
00100000000001000000000001110110
00100000000001010000001010000000
00100000000001100000000000110011
00001100000000000000000100100111
00000000000000000000000000000000
00000000000000000000000000000000
00000000000000000000000000000000
00100000000001000000000001100101
00100000000001010000001010000000
00100000000001100000000000110100
00001100000000000000000100100111
00000000000000000000000000000000
00000000000000000000000000000000
00000000000000000000000000000000
00100000000001000000000001110010
00100000000001010000001010000000
00100000000001100000000000110101
00001100000000000000000100100111
00000000000000000000000000000000
00000000000000000000000000000000
00000000000000000000000000000000
00100000000001000000000000100001
00100000000001010000001010000000
00100000000001100000000000110110
00001100000000000000000100100111
00000000000000000000000000000000
00000000000000000000000000000000
00000000000000000000000000000000
00010000000000001111111010110010
00000000000000000000000000000000
00000000000000000000000000000000
00000000000000000000000000000000
